BazziMoveUp 6 0
124 224 46 62
182 224 46 62
242 224 46 62
5 224 46 62
64 224 46 62
124 224 46 62

BazziMoveDown 6 0
123 0 46 62
185 0 46 62
245 0 46 62
4 0 46 62
64 0 46 62
123 0 46 62

BazziMoveLeft 6 0
124 76 46 62
184 76 46 62
245 76 46 62
5 76 46 62
66 76 46 62
124 76 46 62

BazziMoveRight 6 0
122 150 46 62
182 150 46 62
242 150 46 62
1 150 46 62
61 150 46 62
122 150 46 62

BazziWait 8 1
0 0 64 80
64 0 64 80
128 0 64 80
192 0 64 80
256 0 64 80
320 0 64 80
384 0 64 80
448 0 64 80

BazziReady 18 0
0 0 46 62
46 0 46 62
92 0 46 62
138 0 46 62
184 0 46 62
230 0 46 62
276 0 46 62
322 0 46 62
368 6 46 62
414 6 46 62
460 6 46 62
506 6 46 62
552 6 46 62
598 6 46 62
644 6 46 62
690 6 46 62
736 6 46 62
782 6 46 62

BazziTrap 13 0
5 8 62 72
90 10 68 70
160 5 78 75
243 2 78 78
320 5 78 75
402 2 78 78
483 5 78 75
563 2 78 78
641 5 78 75
719 5 78 75
797 5 78 75
875 5 78 75
963 5 78 75

BazziDead 13 0
4 28 75 74
79 28 75 74
160 20 80 88
240 0 80 130
334 5 52 125
414 50 52 80
494 72 52 58
575 70 52 60
655 70 52 60
735 68 52 62
815 68 52 62
895 64 52 66
975 64 52 66

WaterBomb 4 1
0 0 42 40
44 0 46 40
92 0 42 40
142 0 38 40

Block 1 0
0 0 40 40

Box 1 0
0 0 40 40

Pillar 1 0
0 0 40 65

Sail 1 0
0 0 120 160

ObstacleExplosion 4 0
0 0 40 40
40 0 40 40
80 0 40 40
120 0 40 40

WaterBombExplosion 6 0
0 0 40 40
40 0 40 40
80 0 40 40
120 0 40 40
160 0 40 40
200 0 40 40

WaterBombExplosionLeft 11 0
0 0 40 40
40 0 40 40
80 0 40 40
120 0 40 40
160 0 40 40
200 0 40 40
240 0 40 40
280 0 40 40
320 0 40 40
360 0 40 40
400 0 40 40

WaterBombExplosionTop 11 0
0 0 40 40
40 0 40 40
80 0 40 40
120 0 40 40
160 0 40 40
200 0 40 40
240 0 40 40
280 0 40 40
320 0 40 40
360 0 40 40
400 0 40 40

WaterBombExplosionRight 11 0
0 0 40 40
40 0 40 40
80 0 40 40
120 0 40 40
160 0 40 40
200 0 40 40
240 0 40 40
280 0 40 40
320 0 40 40
360 0 40 40
400 0 40 40

WaterBombExplosionBottom 11 0
0 0 40 40
40 0 40 40
80 0 40 40
120 0 40 40
160 0 40 40
200 0 40 40
240 0 40 40
280 0 40 40
320 0 40 40
360 0 40 40
400 0 40 40

WaterBombExplosionLeftEnd 11 0
0 0 40 40
40 0 40 40
80 0 40 40
120 0 40 40
160 0 40 40
200 0 40 40
240 0 40 40
280 0 40 40
320 0 40 40
360 0 40 40
400 0 40 40

WaterBombExplosionTopEnd 11 0
0 0 40 40
40 0 40 40
80 0 40 40
120 0 40 40
160 0 40 40
200 0 40 40
240 0 40 40
280 0 40 40
320 0 40 40
360 0 40 40
400 0 40 40

WaterBombExplosionRightEnd 11 0
0 0 40 40
40 0 40 40
80 0 40 40
120 0 40 40
160 0 40 40
200 0 40 40
240 0 40 40
280 0 40 40
320 0 40 40
360 0 40 40
400 0 40 40

WaterBombExplosionBottomEnd 11 0
0 0 40 40
40 0 40 40
80 0 40 40
120 0 40 40
160 0 40 40
200 0 40 40
240 0 40 40
280 0 40 40
320 0 40 40
360 0 40 40
400 0 40 40

WaterBalloon 2 1
0 0 40 50
40 0 40 50

WaterPower 2 1
0 0 40 50
40 0 40 50

WaterMaxPower 2 1
0 0 40 50
40 0 40 50

Skate 2 1
0 0 40 50
40 0 40 50

Arrow 1 0
0 0 24 28

